 XF =   0.000 - XG =   0.000
 YF =   0.000 - YG =   0.000
 ZF =  -3.500 - ZG =  -3.000
 Displacement =  0.5475209E+03
 Waterplane area =  0.7821736E+02
