 XF =   0.000 - XG =   0.000
 YF =   0.000 - YG =   0.000
 ZF =  -1.875 - ZG =  -1.000
 Displacement =  0.3445309E+03
 Waterplane area =  0.9187489E+02
