 XF =   0.000 - XG =   0.000
 YF =   0.000 - YG =   0.000
 ZF =  -3.750 - ZG =  -3.750
 Displacement =  0.1720779E+04
 Waterplane area =  0.3623962E-04
