 XF =   0.000 - XG =   0.000
 YF =   0.000 - YG =   0.000
 ZF =  -2.500 - ZG =  -1.000
 Displacement =  0.9705698E+02
 Waterplane area =  0.1941143E+02
